[123, 132, 312]
[123, 132, 213]
[123, 132, 213, 231]
[123, 132, 231, 321]
[123, 132, 321]
[123, 132, 231]
[123, 132, 312, 321]
[123, 312]
[123, 213]
[123, 132]
[123, 213, 231]
[123, 231, 321]
[123, 321]
[123, 231]
[123, 312, 321]
[213, 312]
[123, 213, 312]
[132, 312]
[213, 231, 312]
[231, 312, 321]
[312, 321]
[231, 312]
[132, 213, 312]
[123, 132, 213, 312]
[132, 213, 231, 312]
[132, 231, 312, 321]
[132, 312, 321]
[132, 231, 312]
[132, 213]
[213, 231, 321]
[213, 321]
[213, 231]
[213, 312, 321]
[123, 213, 231, 321]
[123, 213, 321]
[123, 213, 312, 321]
[132, 213, 231]
[132, 231, 321]
[132, 321]
[132, 231]
[213, 231, 312, 321]
[231, 321]
