[1234, 1243, 1324, 1342, 1423, 1432]
[1234, 1243, 1324]
[1234, 1324, 1342]
[4123, 4132]
[1342, 1423, 1432]
[1243, 1423, 1432]
[1234, 1243, 1423]
[3124, 3142]
[1324, 1342, 1432]
[1234, 1324, 1342]
[1243, 1423, 1432]
[1234, 1243]
[1243, 1423]
[1234, 1324]
[3124, 3142, 3412]
[3142, 3412]
[1324, 1342]
[1342, 1432]
[4123, 4132, 4312]
[1423, 1432]
[2134, 2143]
[1234, 1243, 1423]
[1234, 1243, 1324]
[1324, 1342, 1432]
[1342, 1423, 1432]
[2134, 2143, 2413]
[2143, 2413]
[1234, 1243]
[1243, 1423]
[1234, 1324]
[1324, 1342]
[1342, 1432]
[4123, 4132, 4213]
[1423, 1432]
[2134, 2143, 2314]
[2134, 2314]
[1234, 1243]
[1243, 1423]
[1234, 1324]
[3124, 3142, 3214]
[1324, 1342]
[1342, 1432]
[1423, 1432]
[2134, 2143, 2314, 2341, 2413, 2431]
[2134, 2314, 2341]
[2341, 2413, 2431]
[4213, 4231]
[2143, 2413, 2431]
[2314, 2341, 2431]
[3214, 3241]
[2134, 2314, 2341]
[2143, 2413, 2431]
[2314, 2341]
[2341, 2431]
[3214, 3241, 3421]
[3241, 3421]
[2413, 2431]
[4213, 4231, 4321]
[2314, 2341, 2431]
[2341, 2413, 2431]
[2314, 2341]
[2341, 2431]
[4123, 4213, 4231]
[2413, 2431]
[3124, 3214, 3241]
[2314, 2341]
[2341, 2431]
[2413, 2431]
[3124, 3142, 3214, 3241, 3412, 3421]
[3241, 3412, 3421]
[3142, 3412, 3421]
[4312, 4321]
[3142, 3412, 3421]
[3412, 3421]
[4231, 4312, 4321]
[3241, 3412, 3421]
[3412, 3421]
[4132, 4312, 4321]
[3412, 3421]
[4123, 4132, 4213, 4231, 4312, 4321]
[1234, 1243, 1324, 1342]
[1234, 1243, 1324, 1423, 1432]
[1234, 1243, 1324, 1423]
[1234, 1243, 1324, 1342, 1432]
[1234, 1243, 1324, 1432]
[1234, 1324, 1342, 1423, 1432]
[1234, 1243, 1324, 1342, 1423]
[1234, 1324, 1342, 1432]
[1234, 1324, 1342, 1423]
[4123, 4132, 4213, 4231]
[4123, 4132, 4231, 4321]
[4123, 4132, 4321]
[4123, 4132, 4213, 4231, 4321]
[4123, 4132, 4231]
[4123, 4132, 4312, 4321]
[4123, 4132, 4231, 4312, 4321]
[1243, 1342, 1423, 1432]
[1234, 1243, 1342, 1423, 1432]
[1324, 1342, 1423, 1432]
[1234, 1342, 1423, 1432]
[1234, 1243, 1423, 1432]
[1243, 1324, 1342, 1423, 1432]
[1243, 1324, 1423, 1432]
[1234, 1243, 1342, 1423]
[3124, 3142, 3214, 3241]
[3124, 3142, 3214, 3241, 3421]
[3124, 3142, 3241, 3421]
[3124, 3142, 3421]
[3124, 3142, 3241]
[3124, 3142, 3241, 3412, 3421]
[3124, 3142, 3412, 3421]
[1243, 1324, 1342, 1432]
[1234, 1243, 1342, 1432]
[1234, 1243, 1432]
[1234, 1243, 1342]
[1234, 1423]
[1234, 1342, 1432]
[1234, 1432]
[1234, 1342]
[1234, 1423, 1432]
[4123, 4312]
[4123, 4213]
[4123, 4231, 4321]
[4123, 4321]
[4123, 4213, 4231, 4321]
[4123, 4231]
[4123, 4312, 4321]
[4123, 4231, 4312, 4321]
[1324, 1423]
[1234, 1324, 1423]
[1324, 1342, 1423]
[1342, 1423]
[1243, 1324, 1423]
[1243, 1324, 1342, 1423]
[1243, 1342, 1423]
[3124, 3412]
[3124, 3214]
[3124, 3214, 3241, 3421]
[3124, 3241, 3421]
[3124, 3421]
[3124, 3241]
[3124, 3241, 3412, 3421]
[3124, 3412, 3421]
[1243, 1324]
[1324, 1432]
[1324, 1423, 1432]
[1234, 1324, 1432]
[1234, 1324, 1423, 1432]
[1243, 1324, 1342]
[1243, 1342, 1432]
[1243, 1432]
[1243, 1342]
[3124, 3142, 3214, 3412]
[3124, 3142, 3214, 3241, 3412]
[3124, 3142, 3241, 3412]
[3214, 3412]
[3124, 3214, 3412]
[3214, 3241, 3412]
[3214, 3241, 3412, 3421]
[3124, 3214, 3241, 3412]
[3241, 3412]
[3142, 3214, 3412]
[3142, 3214, 3241, 3412]
[3142, 3214, 3241, 3412, 3421]
[3142, 3241, 3412, 3421]
[3142, 3241, 3412]
[4132, 4312]
[4213, 4312]
[4123, 4213, 4312]
[4123, 4132, 4213, 4312]
[4213, 4231, 4312]
[4213, 4231, 4312, 4321]
[4231, 4312]
[4123, 4213, 4231, 4312]
[4123, 4132, 4213, 4231, 4312]
[4123, 4132, 4231, 4312]
[2134, 2143, 2314, 2341]
[2134, 2143, 2341, 2413, 2431]
[2134, 2143, 2413, 2431]
[2134, 2143, 2314, 2341, 2431]
[2134, 2143, 2341, 2431]
[2134, 2143, 2431]
[2134, 2143, 2341]
[2134, 2143, 2314, 2413]
[2134, 2143, 2314, 2341, 2413]
[2134, 2143, 2341, 2413]
[2134, 2413]
[2134, 2341, 2413, 2431]
[2134, 2314, 2341, 2431]
[2134, 2341, 2431]
[2134, 2431]
[2134, 2341]
[2134, 2413, 2431]
[2314, 2413]
[2134, 2314, 2413]
[2134, 2314, 2341, 2413]
[2314, 2341, 2413, 2431]
[2314, 2341, 2413]
[2341, 2413]
[4132, 4213]
[4213, 4321]
[4213, 4312, 4321]
[4132, 4213, 4312, 4321]
[2143, 2314, 2413]
[2143, 2341, 2413, 2431]
[2143, 2314, 2341, 2413, 2431]
[2143, 2314, 2341, 2413]
[2143, 2341, 2413]
[4132, 4213, 4231]
[4132, 4231, 4321]
[4132, 4321]
[4132, 4213, 4231, 4321]
[4132, 4231]
[4132, 4231, 4312, 4321]
[4123, 4132, 4213, 4321]
[4123, 4132, 4213, 4312, 4321]
[2134, 2143, 2314, 2413, 2431]
[2134, 2143, 2314, 2431]
[2143, 2314]
[2143, 2314, 2413, 2431]
[2314, 2431]
[2314, 2413, 2431]
[3142, 3214]
[3214, 3421]
[3142, 3214, 3412, 3421]
[3214, 3412, 3421]
[2134, 2314, 2341, 2413, 2431]
[2134, 2314, 2431]
[2134, 2314, 2413, 2431]
[2143, 2314, 2341, 2431]
[2143, 2314, 2341]
[2143, 2341, 2431]
[2143, 2431]
[2143, 2341]
[3124, 3142, 3214, 3421]
[3124, 3142, 3214, 3412, 3421]
[3142, 3214, 3241]
[3142, 3214, 3241, 3421]
[3142, 3241, 3421]
[3142, 3421]
[3142, 3241]
[4132, 4213, 4231, 4312, 4321]
[4231, 4321]
[4123, 4213, 4231, 4312, 4321]
[3124, 3214, 3241, 3412, 3421]
