14523
14253
12453
14235
12435
12345
13245
13425
13254
12354
12534
13524

12
14523
14253
12453
14235
12435
12345
13245
13425
13254
12354
12534
13524
Anchor Pair: (5,2)(2,4)
(1,3),(1,5),(1,2),(1,4),(3,5),(2,4)
Anchor Pair: (5,3)(5,4)
(1,2),(1,5),(1,3),(1,4),(2,5),(3,4)
Anchor Pair: (4,2)(4,3)
(1,2),(1,5),(1,3),(1,4),(2,3),(4,5)


12
3412
3142
3124
2134
2143
1324
1234
1243
1342
1423
1432
4123
Anchor Pair: (1,3)(1,4)
(1,2), (3,2), (3,4)
Anchor Pair: (2,1)(2,3)
(1,3), (1,4), (2,4)
Anchor Pair: (2,3)(2,4)
(1,2), (1,3), (2,3)