Current Grouped Anchor: ((1, 2), (2, 4))
Upsilon_A: ['12453', '12345', '13524', '12354', '12534', '12435', '13254', '13245']
['12453', '12345', '13524', '12354', '12534', '12435', '13254', '13245']
P_A: [[(2, 4), (1, 2), (1, 5), (1, 4), (4, 5), (2, 5), (1, 3)], [(1, 2), (1, 3), (1, 4), (1, 5), (2, 4), (3, 2), (3, 4), (3, 5), (5, 2), (5, 4)], [(1, 
2), (1, 3), (1, 4), (1, 5), (2, 4), (2, 5), (3, 2), (3, 4), (3, 5), (5, 4)], [(1, 2), (1, 3), (1, 4), (1, 5), (2, 3), (2, 4), (2, 5), (3, 4), (3, 5), (5, 4)], [(1, 2), (1, 3), (1, 4), (1, 5), (2, 3), (2, 4), (2, 5), (3, 4), (5, 3), (5, 4)]]
Current Grouped Anchor: ((1, 2), (4, 5))
Upsilon_A: ['12453', '12345', '13425', '12435', '14523', '14235', '13245', '14253']
['12453', '12345', '13425', '12435', '14523', '14235', '13245', '14253']
P_A: [[(1, 2), (1, 3), (1, 4), (1, 5), (2, 5), (3, 2), (3, 4), (3, 5), (4, 2), (4, 5)], [(1, 2), (1, 3), (1, 4), (1, 5), (2, 4), (2, 5), (3, 2), (3, 4), (3, 5), (4, 5)], [(1, 2), (1, 3), (1, 4), (1, 5), (2, 3), (2, 4), (2, 5), (3, 4), (3, 5), (4, 5)], [(1, 2), (1, 3), (1, 4), (1, 5), (2, 3), (4, 2), (4, 3), (4, 5), (5, 2), (5, 3)], [(2, 4), (1, 2), (1, 5), (4, 3), (1, 4), (2, 3), (4, 5), (2, 5), (1, 3)], [(1, 2), (1, 5), (4, 3), (1, 4), (4, 2), (2, 
3), (4, 5), (2, 5), (1, 3)]]
Current Grouped Anchor: ((1, 2), (5, 3))
Upsilon_A: ['12453', '12534', '14523', '14253']
['12453', '12534', '14523', '14253']
P_A: [[(1, 2), (1, 3), (1, 4), (1, 5), (2, 3), (2, 4), (2, 5), (3, 4), (5, 3), (5, 4)], [(1, 2), (1, 3), (1, 4), (1, 5), (2, 3), (2, 4), (2, 5), (4, 3), (4, 5), (5, 3)], [(1, 2), (1, 3), (1, 4), (1, 5), (2, 3), (2, 5), (4, 2), (4, 3), (4, 5), (5, 3)], [(1, 2), (1, 3), (1, 4), (1, 5), (2, 3), (4, 2), (4, 3), (4, 5), (5, 2), (5, 3)]]
Current Grouped Anchor: ((1, 2), (2, 3))
Upsilon_A: ['12453', '12345', '12354', '12534', '12435', '14523', '14235', '14253']
['12453', '12345', '12354', '12534', '12435', '14523', '14235', '14253']
P_A: [[(1, 2), (1, 3), (1, 4), (1, 5), (2, 3), (2, 4), (2, 5), (3, 4), (5, 3), (5, 4)], [(1, 2), (1, 5), (1, 4), (2, 3), (2, 5), (1, 3), (3, 5)], [(1, 
2), (1, 3), (1, 4), (1, 5), (2, 3), (2, 4), (2, 5), (4, 3), (4, 5), (5, 3)], [(1, 2), (1, 3), (1, 4), (1, 5), (2, 3), (2, 5), (4, 2), (4, 3), (4, 5), (5, 3)], [(1, 2), (1, 3), (1, 4), (1, 5), (2, 3), (4, 2), (4, 3), (4, 5), (5, 2), (5, 3)]]
Current Grouped Anchor: ((1, 2), (3, 4))
Upsilon_A: ['12345', '13425', '13524', '12354', '12534', '13254', '13245']
['12345', '13425', '13524', '12354', '12534', '13254', '13245']
P_A: [[(1, 2), (1, 3), (1, 4), (1, 5), (2, 5), (3, 2), (3, 4), (3, 5), (4, 2), (4, 5)], [(1, 2), (1, 3), (1, 4), (1, 5), (2, 4), (3, 2), (3, 4), (3, 5), (5, 2), (5, 4)], [(1, 2), (1, 3), (1, 4), (1, 5), (2, 3), (2, 4), (2, 5), (3, 4), (5, 3), (5, 4)], [(2, 4), (1, 2), (3, 4), (1, 5), (1, 4), (2, 3), (2, 5), (1, 3), (3, 5)], [(2, 4), (1, 2), (3, 4), (1, 5), (1, 4), (3, 2), (2, 5), (1, 3), (3, 5)]]
Current Grouped Anchor: ((1, 2), (1, 3))
Upsilon_A: ['12453', '12345', '13425', '13524', '12354', '12534', '12435', '14523', '14235', '13254', '13245', '14253']
['12453', '12345', '13425', '13524', '12354', '12534', '12435', '14523', '14235', '13254', '13245', '14253']
P_A: [[(1, 2), (1, 3), (1, 4), (1, 5), (2, 5), (3, 2), (3, 4), (3, 5), (4, 2), (4, 5)], [(1, 2), (1, 3), (1, 4), (1, 5), (2, 4), (3, 2), (3, 4), (3, 5), (5, 2), (5, 4)], [(1, 2), (1, 3), (1, 4), (1, 5), (2, 3), (2, 4), (2, 5), (3, 4), (5, 3), (5, 4)], [(1, 2), (1, 3), (1, 4), (1, 5), (2, 3), (4, 2), (4, 3), (4, 5), (5, 2), (5, 3)], [(2, 4), (1, 2), (1, 5), (1, 4), (4, 5), (2, 5), (1, 3)], [(1, 2), (1, 5), (4, 3), (1, 4), (4, 2), (2, 3), (4, 5), (2, 
5), (1, 3)], [(1, 2), (1, 3), (1, 4), (1, 5), (2, 3), (2, 4), (2, 5), (3, 4), (3, 5), (5, 4)], [(1, 2), (1, 3), (1, 4), (1, 5), (2, 4), (2, 5), (3, 2), (3, 4), (3, 5), (5, 4)]]
Current Grouped Anchor: ((1, 2), (4, 2))
Upsilon_A: ['13425', '14523', '14235', '14253']
['13425', '14523', '14235', '14253']
P_A: [[(1, 2), (1, 3), (1, 4), (1, 5), (2, 5), (3, 2), (3, 4), (3, 5), (4, 2), (4, 5)], [(1, 2), (1, 3), (1, 4), (1, 5), (2, 3), (4, 2), (4, 3), (4, 5), (5, 2), (5, 3)], [(1, 2), (1, 5), (4, 3), (1, 4), (4, 2), (2, 3), (4, 5), (2, 5), (1, 3)]]
Current Grouped Anchor: ((1, 2), (2, 5))
Upsilon_A: ['12453', '12345', '13425', '12354', '12534', '12435', '14235', '13254', '13245', '14253']
['12453', '12345', '13425', '12354', '12534', '12435', '14235', '13254', '13245', '14253']
P_A: [[(1, 2), (1, 3), (1, 4), (1, 5), (2, 5), (3, 2), (3, 4), (3, 5), (4, 2), (4, 5)], [(1, 2), (1, 3), (1, 4), (1, 5), (2, 3), (2, 4), (2, 5), (3, 4), (5, 3), (5, 4)], [(2, 4), (1, 2), (1, 5), (1, 4), (4, 5), (2, 5), (1, 3)], [(1, 2), (1, 5), (4, 3), (1, 4), (4, 2), (2, 3), (4, 5), (2, 5), (1, 3)], 
[(1, 2), (1, 3), (1, 4), (1, 5), (2, 3), (2, 4), (2, 5), (3, 4), (3, 5), (5, 4)], [(1, 2), (1, 3), (1, 4), (1, 5), (2, 4), (2, 5), (3, 2), (3, 4), (3, 
5), (5, 4)]]
Current Grouped Anchor: ((1, 2), (3, 5))
Upsilon_A: ['12345', '13425', '13524', '12354', '12435', '14235', '13254', '13245']
['12345', '13425', '13524', '12354', '12435', '14235', '13254', '13245']
P_A: [[(1, 2), (1, 3), (1, 4), (1, 5), (2, 5), (3, 2), (3, 4), (3, 5), (4, 2), (4, 5)], [(1, 2), (1, 3), (1, 4), (1, 5), (2, 4), (3, 2), (3, 4), (3, 5), (5, 2), (5, 4)], [(1, 2), (1, 3), (1, 4), (1, 5), (2, 3), (2, 5), (3, 5), (4, 2), (4, 3), (4, 5)], [(1, 2), (1, 3), (1, 4), (1, 5), (2, 3), (2, 4), (2, 5), (3, 5), (4, 3), (4, 5)], [(2, 4), (1, 2), (3, 4), (1, 5), (1, 4), (2, 3), (2, 5), (1, 3), (3, 5)], [(2, 4), (1, 2), (3, 4), (1, 5), (1, 4), (3, 
2), (2, 5), (1, 3), (3, 5)]]
Current Grouped Anchor: ((1, 2), (5, 2))
Upsilon_A: ['13524', '14523']
['13524', '14523']
P_A: [[(1, 2), (1, 3), (1, 4), (1, 5), (2, 4), (3, 2), (3, 4), (3, 5), (5, 2), (5, 4)], [(1, 2), (1, 3), (1, 4), (1, 5), (2, 3), (4, 2), (4, 3), (4, 5), (5, 2), (5, 3)]]
Current Grouped Anchor: ((1, 2), (5, 4))
Upsilon_A: ['13524', '12354', '12534', '13254']
['13524', '12354', '12534', '13254']
P_A: [[(1, 2), (1, 3), (1, 4), (1, 5), (2, 4), (3, 2), (3, 4), (3, 5), (5, 2), (5, 4)], [(1, 2), (1, 3), (1, 4), (1, 5), (2, 4), (2, 5), (3, 2), (3, 4), (3, 5), (5, 4)], [(1, 2), (1, 3), (1, 4), (1, 5), (2, 3), (2, 4), (2, 5), (3, 4), (3, 5), (5, 4)], [(1, 2), (1, 3), (1, 4), (1, 5), (2, 3), (2, 4), (2, 5), (3, 4), (5, 3), (5, 4)]]
Current Grouped Anchor: ((1, 2), (4, 3))
Upsilon_A: ['12453', '12435', '14523', '14235', '14253']
['12453', '12435', '14523', '14235', '14253']
P_A: [[(1, 2), (1, 3), (1, 4), (1, 5), (2, 3), (4, 2), (4, 3), (4, 5), (5, 2), (5, 3)], [(2, 4), (1, 2), (1, 5), (4, 3), (1, 4), (2, 3), (4, 5), (2, 5), (1, 3)], [(1, 2), (1, 5), (4, 3), (1, 4), (4, 2), (2, 3), (4, 5), (2, 5), (1, 3)]]
Current Grouped Anchor: ((1, 2), (1, 4))
Upsilon_A: ['12453', '12345', '13425', '13524', '12354', '12534', '12435', '14523', '14235', '13254', '13245', '14253']
['12453', '12345', '13425', '13524', '12354', '12534', '12435', '14523', '14235', '13254', '13245', '14253']
P_A: [[(1, 2), (1, 3), (1, 4), (1, 5), (2, 5), (3, 2), (3, 4), (3, 5), (4, 2), (4, 5)], [(1, 2), (1, 3), (1, 4), (1, 5), (2, 4), (3, 2), (3, 4), (3, 5), (5, 2), (5, 4)], [(1, 2), (1, 3), (1, 4), (1, 5), (2, 3), (2, 4), (2, 5), (3, 4), (5, 3), (5, 4)], [(1, 2), (1, 3), (1, 4), (1, 5), (2, 3), (4, 2), (4, 3), (4, 5), (5, 2), (5, 3)], [(2, 4), (1, 2), (1, 5), (1, 4), (4, 5), (2, 5), (1, 3)], [(1, 2), (1, 5), (4, 3), (1, 4), (4, 2), (2, 3), (4, 5), (2, 
5), (1, 3)], [(1, 2), (1, 3), (1, 4), (1, 5), (2, 3), (2, 4), (2, 5), (3, 4), (3, 5), (5, 4)], [(1, 2), (1, 3), (1, 4), (1, 5), (2, 4), (2, 5), (3, 2), (3, 4), (3, 5), (5, 4)]]
Current Grouped Anchor: ((1, 2), (3, 2))
Upsilon_A: ['13425', '13524', '13254', '13245']
['13425', '13524', '13254', '13245']
P_A: [[(1, 2), (1, 3), (1, 4), (1, 5), (2, 5), (3, 2), (3, 4), (3, 5), (4, 2), (4, 5)], [(2, 4), (1, 2), (3, 4), (1, 5), (1, 4), (3, 2), (1, 3), (3, 5)]]
Current Grouped Anchor: ((2, 4), (4, 5))
Upsilon_A: ['12453', '12345', '12435', '13245']
['12453', '12345', '12435', '13245']
P_A: [[(2, 4), (1, 2), (1, 5), (1, 4), (4, 5), (2, 5), (1, 3)]]
Current Grouped Anchor: ((2, 4), (5, 3))
Upsilon_A: ['12453', '12534']
['12453', '12534']
P_A: [[(1, 2), (1, 3), (1, 4), (1, 5), (2, 3), (2, 4), (2, 5), (4, 3), (4, 5), (5, 3)], [(1, 2), (1, 3), (1, 4), (1, 5), (2, 3), (2, 4), (2, 5), (3, 4), (5, 3), (5, 4)]]
Current Grouped Anchor: ((2, 4), (2, 3))
Upsilon_A: ['12453', '12345', '12354', '12534', '12435']
['12453', '12345', '12354', '12534', '12435']
P_A: [[(2, 4), (1, 2), (1, 5), (1, 4), (2, 3), (4, 5), (2, 5), (1, 3)], [(1, 2), (1, 3), (1, 4), (1, 5), (2, 3), (2, 4), (2, 5), (3, 4), (3, 5), (5, 4)], [(1, 2), (1, 3), (1, 4), (1, 5), (2, 3), (2, 4), (2, 5), (3, 4), (5, 3), (5, 4)]]
Current Grouped Anchor: ((2, 4), (3, 4))
Upsilon_A: ['12345', '13524', '12354', '12534', '13254', '13245']
['12345', '13524', '12354', '12534', '13254', '13245']
P_A: [[(1, 2), (1, 3), (1, 4), (1, 5), (2, 4), (3, 2), (3, 4), (3, 5), (5, 2), (5, 4)], [(1, 2), (1, 3), (1, 4), (1, 5), (2, 3), (2, 4), (2, 5), (3, 4), (5, 3), (5, 4)], [(2, 4), (1, 2), (3, 4), (1, 5), (1, 4), (2, 3), (2, 5), (1, 3), (3, 5)], [(2, 4), (1, 2), (3, 4), (1, 5), (1, 4), (3, 2), (2, 5), (1, 3), (3, 5)]]
Current Grouped Anchor: ((2, 4), (1, 3))
Upsilon_A: ['12453', '12345', '13524', '12354', '12534', '12435', '13254', '13245']
['12453', '12345', '13524', '12354', '12534', '12435', '13254', '13245']
P_A: [[(2, 4), (1, 2), (1, 5), (1, 4), (4, 5), (2, 5), (1, 3)], [(1, 2), (1, 3), (1, 4), (1, 5), (2, 4), (3, 2), (3, 4), (3, 5), (5, 2), (5, 4)], [(1, 
2), (1, 3), (1, 4), (1, 5), (2, 4), (2, 5), (3, 2), (3, 4), (3, 5), (5, 4)], [(1, 2), (1, 3), (1, 4), (1, 5), (2, 3), (2, 4), (2, 5), (3, 4), (3, 5), (5, 4)], [(1, 2), (1, 3), (1, 4), (1, 5), (2, 3), (2, 4), (2, 5), (3, 4), (5, 3), (5, 4)]]
Current Grouped Anchor: ((2, 4), (4, 2))
Upsilon_A: []
Current Grouped Anchor: ((2, 4), (2, 5))
Upsilon_A: ['12453', '12345', '12354', '12534', '12435', '13254', '13245']
['12453', '12345', '12354', '12534', '12435', '13254', '13245']
P_A: [[(2, 4), (1, 2), (1, 5), (1, 4), (4, 5), (2, 5), (1, 3)], [(1, 2), (1, 3), (1, 4), (1, 5), (2, 3), (2, 4), (2, 5), (3, 4), (5, 3), (5, 4)], [(1, 
2), (1, 3), (1, 4), (1, 5), (2, 3), (2, 4), (2, 5), (3, 4), (3, 5), (5, 4)], [(1, 2), (1, 3), (1, 4), (1, 5), (2, 4), (2, 5), (3, 2), (3, 4), (3, 5), (5, 4)]]
Current Grouped Anchor: ((2, 4), (3, 5))
Upsilon_A: ['12345', '13524', '12354', '12435', '13254', '13245']
['12345', '13524', '12354', '12435', '13254', '13245']
P_A: [[(1, 2), (1, 3), (1, 4), (1, 5), (2, 3), (2, 4), (2, 5), (3, 5), (4, 3), (4, 5)], [(1, 2), (1, 3), (1, 4), (1, 5), (2, 4), (3, 2), (3, 4), (3, 5), (5, 2), (5, 4)], [(2, 4), (1, 2), (3, 4), (1, 5), (1, 4), (2, 3), (2, 5), (1, 3), (3, 5)], [(2, 4), (1, 2), (3, 4), (1, 5), (1, 4), (3, 2), (2, 5), (1, 3), (3, 5)]]
Current Grouped Anchor: ((2, 4), (5, 2))
Upsilon_A: ['13524']
['13524']
P_A: [[(1, 2), (1, 3), (1, 4), (1, 5), (2, 4), (3, 2), (3, 4), (3, 5), (5, 2), (5, 4)]]
Current Grouped Anchor: ((2, 4), (5, 4))
Upsilon_A: ['13524', '12354', '12534', '13254']
['13524', '12354', '12534', '13254']
P_A: [[(1, 2), (1, 3), (1, 4), (1, 5), (2, 4), (3, 2), (3, 4), (3, 5), (5, 2), (5, 4)], [(1, 2), (1, 3), (1, 4), (1, 5), (2, 4), (2, 5), (3, 2), (3, 4), (3, 5), (5, 4)], [(1, 2), (1, 3), (1, 4), (1, 5), (2, 3), (2, 4), (2, 5), (3, 4), (3, 5), (5, 4)], [(1, 2), (1, 3), (1, 4), (1, 5), (2, 3), (2, 4), (2, 5), (3, 4), (5, 3), (5, 4)]]
Current Grouped Anchor: ((2, 4), (4, 3))
Upsilon_A: ['12453', '12435']
['12453', '12435']
P_A: [[(2, 4), (1, 2), (1, 5), (4, 3), (1, 4), (2, 3), (4, 5), (2, 5), (1, 3)]]
Current Grouped Anchor: ((2, 4), (1, 4))
Upsilon_A: ['12453', '12345', '13524', '12354', '12534', '12435', '13254', '13245']
['12453', '12345', '13524', '12354', '12534', '12435', '13254', '13245']
P_A: [[(2, 4), (1, 2), (1, 5), (1, 4), (4, 5), (2, 5), (1, 3)], [(1, 2), (1, 3), (1, 4), (1, 5), (2, 4), (3, 2), (3, 4), (3, 5), (5, 2), (5, 4)], [(1, 
2), (1, 3), (1, 4), (1, 5), (2, 4), (2, 5), (3, 2), (3, 4), (3, 5), (5, 4)], [(1, 2), (1, 3), (1, 4), (1, 5), (2, 3), (2, 4), (2, 5), (3, 4), (3, 5), (5, 4)], [(1, 2), (1, 3), (1, 4), (1, 5), (2, 3), (2, 4), (2, 5), (3, 4), (5, 3), (5, 4)]]
Current Grouped Anchor: ((2, 4), (3, 2))
Upsilon_A: ['13524', '13254', '13245']
['13524', '13254', '13245']
P_A: [[(1, 2), (1, 3), (1, 4), (1, 5), (2, 4), (3, 2), (3, 4), (3, 5), (5, 2), (5, 4)], [(2, 4), (1, 2), (3, 4), (1, 5), (1, 4), (3, 2), (2, 5), (1, 3), (3, 5)]]
Current Grouped Anchor: ((4, 5), (5, 3))
Upsilon_A: ['12453', '14523', '14253']
['12453', '14523', '14253']
P_A: [[(1, 2), (1, 3), (1, 4), (1, 5), (2, 3), (2, 4), (2, 5), (4, 3), (4, 5), (5, 3)], [(1, 2), (1, 3), (1, 4), (1, 5), (2, 3), (2, 5), (4, 2), (4, 3), (4, 5), (5, 3)], [(1, 2), (1, 3), (1, 4), (1, 5), (2, 3), (4, 2), (4, 3), (4, 5), (5, 2), (5, 3)]]
Current Grouped Anchor: ((4, 5), (2, 3))
Upsilon_A: ['12453', '12345', '12435', '14523', '14235', '14253']
['12453', '12345', '12435', '14523', '14235', '14253']
P_A: [[(1, 2), (1, 3), (1, 4), (1, 5), (2, 3), (2, 4), (2, 5), (3, 4), (3, 5), (4, 5)], [(1, 2), (1, 3), (1, 4), (1, 5), (2, 3), (4, 2), (4, 3), (4, 5), (5, 2), (5, 3)], [(2, 4), (1, 2), (1, 5), (4, 3), (1, 4), (2, 3), (4, 5), (2, 5), (1, 3)], [(1, 2), (1, 5), (4, 3), (1, 4), (4, 2), (2, 3), (4, 5), (2, 5), (1, 3)]]
Current Grouped Anchor: ((4, 5), (3, 4))
Upsilon_A: ['12345', '13425', '13245']
['12345', '13425', '13245']
P_A: [[(1, 2), (1, 3), (1, 4), (1, 5), (2, 3), (2, 4), (2, 5), (3, 4), (3, 5), (4, 5)], [(1, 2), (1, 3), (1, 4), (1, 5), (2, 4), (2, 5), (3, 2), (3, 4), (3, 5), (4, 5)], [(1, 2), (1, 3), (1, 4), (1, 5), (2, 5), (3, 2), (3, 4), (3, 5), (4, 2), (4, 5)]]
Current Grouped Anchor: ((4, 5), (1, 3))
Upsilon_A: ['12453', '12345', '13425', '12435', '14523', '14235', '13245', '14253']
['12453', '12345', '13425', '12435', '14523', '14235', '13245', '14253']
P_A: [[(1, 2), (1, 3), (1, 4), (1, 5), (2, 5), (3, 2), (3, 4), (3, 5), (4, 2), (4, 5)], [(1, 2), (1, 3), (1, 4), (1, 5), (2, 4), (2, 5), (3, 2), (3, 4), (3, 5), (4, 5)], [(1, 2), (1, 3), (1, 4), (1, 5), (2, 3), (2, 4), (2, 5), (3, 4), (3, 5), (4, 5)], [(1, 2), (1, 3), (1, 4), (1, 5), (2, 3), (4, 2), (4, 3), (4, 5), (5, 2), (5, 3)], [(2, 4), (1, 2), (1, 5), (4, 3), (1, 4), (2, 3), (4, 5), (2, 5), (1, 3)], [(1, 2), (1, 5), (4, 3), (1, 4), (4, 2), (2, 
3), (4, 5), (2, 5), (1, 3)]]
Current Grouped Anchor: ((4, 5), (4, 2))
Upsilon_A: ['13425', '14523', '14235', '14253']
['13425', '14523', '14235', '14253']
P_A: [[(1, 2), (1, 3), (1, 4), (1, 5), (2, 5), (3, 2), (3, 4), (3, 5), (4, 2), (4, 5)], [(1, 2), (1, 3), (1, 4), (1, 5), (2, 3), (4, 2), (4, 3), (4, 5), (5, 2), (5, 3)], [(1, 2), (1, 5), (4, 3), (1, 4), (4, 2), (2, 3), (4, 5), (2, 5), (1, 3)]]
Current Grouped Anchor: ((4, 5), (2, 5))
Upsilon_A: ['12453', '12345', '13425', '12435', '14235', '13245', '14253']
['12453', '12345', '13425', '12435', '14235', '13245', '14253']
P_A: [[(1, 2), (1, 3), (1, 4), (1, 5), (2, 5), (3, 2), (3, 4), (3, 5), (4, 2), (4, 5)], [(1, 2), (1, 3), (1, 4), (1, 5), (2, 4), (2, 5), (3, 2), (3, 4), (3, 5), (4, 5)], [(1, 2), (1, 3), (1, 4), (1, 5), (2, 3), (2, 4), (2, 5), (3, 4), (3, 5), (4, 5)], [(2, 4), (1, 2), (1, 5), (4, 3), (1, 4), (2, 3), (4, 5), (2, 5), (1, 3)], [(1, 2), (1, 5), (4, 3), (1, 4), (4, 2), (2, 3), (4, 5), (2, 5), (1, 3)]]
Current Grouped Anchor: ((4, 5), (3, 5))
Upsilon_A: ['12345', '13425', '12435', '14235', '13245']
['12345', '13425', '12435', '14235', '13245']
P_A: [[(1, 2), (1, 3), (1, 4), (1, 5), (2, 5), (3, 2), (3, 4), (3, 5), (4, 2), (4, 5)], [(1, 2), (1, 3), (1, 4), (1, 5), (2, 4), (2, 5), (3, 2), (3, 4), (3, 5), (4, 5)], [(1, 2), (1, 3), (1, 4), (1, 5), (2, 3), (2, 4), (2, 5), (3, 4), (3, 5), (4, 5)], [(1, 2), (1, 3), (1, 4), (1, 5), (2, 3), (2, 4), (2, 5), (3, 5), (4, 3), (4, 5)], [(1, 2), (1, 3), (1, 4), (1, 5), (2, 3), (2, 5), (3, 5), (4, 2), (4, 3), (4, 5)]]
Current Grouped Anchor: ((4, 5), (5, 2))
Upsilon_A: ['14523']
['14523']
P_A: [[(1, 2), (1, 3), (1, 4), (1, 5), (2, 3), (4, 2), (4, 3), (4, 5), (5, 2), (5, 3)]]
Current Grouped Anchor: ((4, 5), (5, 4))
Upsilon_A: []
Current Grouped Anchor: ((4, 5), (4, 3))
Upsilon_A: ['12453', '12435', '14523', '14235', '14253']
['12453', '12435', '14523', '14235', '14253']
P_A: [[(1, 2), (1, 3), (1, 4), (1, 5), (2, 3), (4, 2), (4, 3), (4, 5), (5, 2), (5, 3)], [(2, 4), (1, 2), (1, 5), (4, 3), (1, 4), (2, 3), (4, 5), (2, 5), (1, 3)], [(1, 2), (1, 5), (4, 3), (1, 4), (4, 2), (2, 3), (4, 5), (2, 5), (1, 3)]]
Current Grouped Anchor: ((4, 5), (1, 4))
Upsilon_A: ['12453', '12345', '13425', '12435', '14523', '14235', '13245', '14253']
['12453', '12345', '13425', '12435', '14523', '14235', '13245', '14253']
P_A: [[(1, 2), (1, 3), (1, 4), (1, 5), (2, 5), (3, 2), (3, 4), (3, 5), (4, 2), (4, 5)], [(1, 2), (1, 3), (1, 4), (1, 5), (2, 4), (2, 5), (3, 2), (3, 4), (3, 5), (4, 5)], [(1, 2), (1, 3), (1, 4), (1, 5), (2, 3), (2, 4), (2, 5), (3, 4), (3, 5), (4, 5)], [(1, 2), (1, 3), (1, 4), (1, 5), (2, 3), (4, 2), (4, 3), (4, 5), (5, 2), (5, 3)], [(2, 4), (1, 2), (1, 5), (4, 3), (1, 4), (2, 3), (4, 5), (2, 5), (1, 3)], [(1, 2), (1, 5), (4, 3), (1, 4), (4, 2), (2, 
3), (4, 5), (2, 5), (1, 3)]]
Current Grouped Anchor: ((4, 5), (3, 2))
Upsilon_A: ['13425', '13245']
['13425', '13245']
P_A: [[(1, 2), (1, 3), (1, 4), (1, 5), (2, 5), (3, 2), (3, 4), (3, 5), (4, 2), (4, 5)], [(1, 2), (1, 3), (1, 4), (1, 5), (2, 4), (2, 5), (3, 2), (3, 4), (3, 5), (4, 5)]]
Current Grouped Anchor: ((5, 3), (2, 3))
Upsilon_A: ['12453', '12534', '14523', '14253']
['12453', '12534', '14523', '14253']
P_A: [[(1, 2), (1, 3), (1, 4), (1, 5), (2, 3), (2, 4), (2, 5), (3, 4), (5, 3), (5, 4)], [(1, 2), (1, 3), (1, 4), (1, 5), (2, 3), (2, 4), (2, 5), (4, 3), (4, 5), (5, 3)], [(1, 2), (1, 3), (1, 4), (1, 5), (2, 3), (2, 5), (4, 2), (4, 3), (4, 5), (5, 3)], [(1, 2), (1, 3), (1, 4), (1, 5), (2, 3), (4, 2), (4, 3), (4, 5), (5, 2), (5, 3)]]
Current Grouped Anchor: ((5, 3), (3, 4))
Upsilon_A: ['12534']
['12534']
P_A: [[(1, 2), (1, 3), (1, 4), (1, 5), (2, 3), (2, 4), (2, 5), (3, 4), (5, 3), (5, 4)]]
Current Grouped Anchor: ((5, 3), (1, 3))
Upsilon_A: ['12453', '12534', '14523', '14253']
['12453', '12534', '14523', '14253']
P_A: [[(1, 2), (1, 3), (1, 4), (1, 5), (2, 3), (2, 4), (2, 5), (3, 4), (5, 3), (5, 4)], [(1, 2), (1, 3), (1, 4), (1, 5), (2, 3), (2, 4), (2, 5), (4, 3), (4, 5), (5, 3)], [(1, 2), (1, 3), (1, 4), (1, 5), (2, 3), (2, 5), (4, 2), (4, 3), (4, 5), (5, 3)], [(1, 2), (1, 3), (1, 4), (1, 5), (2, 3), (4, 2), (4, 3), (4, 5), (5, 2), (5, 3)]]
Current Grouped Anchor: ((5, 3), (4, 2))
Upsilon_A: ['14523', '14253']
['14523', '14253']
P_A: [[(1, 2), (1, 3), (1, 4), (1, 5), (2, 3), (4, 2), (4, 3), (4, 5), (5, 2), (5, 3)], [(1, 2), (1, 3), (1, 4), (1, 5), (2, 3), (2, 5), (4, 2), (4, 3), (4, 5), (5, 3)]]
Current Grouped Anchor: ((5, 3), (2, 5))
Upsilon_A: ['12453', '12534', '14253']
['12453', '12534', '14253']
P_A: [[(1, 2), (1, 3), (1, 4), (1, 5), (2, 3), (2, 4), (2, 5), (3, 4), (5, 3), (5, 4)], [(1, 2), (1, 3), (1, 4), (1, 5), (2, 3), (2, 4), (2, 5), (4, 3), (4, 5), (5, 3)], [(1, 2), (1, 3), (1, 4), (1, 5), (2, 3), (2, 5), (4, 2), (4, 3), (4, 5), (5, 3)]]
Current Grouped Anchor: ((5, 3), (3, 5))
Upsilon_A: []
Current Grouped Anchor: ((5, 3), (5, 2))
Upsilon_A: ['14523']
['14523']
P_A: [[(1, 2), (1, 3), (1, 4), (1, 5), (2, 3), (4, 2), (4, 3), (4, 5), (5, 2), (5, 3)]]
Current Grouped Anchor: ((5, 3), (5, 4))
Upsilon_A: ['12534']
['12534']
P_A: [[(1, 2), (1, 3), (1, 4), (1, 5), (2, 3), (2, 4), (2, 5), (3, 4), (5, 3), (5, 4)]]
Current Grouped Anchor: ((5, 3), (4, 3))
Upsilon_A: ['12453', '14523', '14253']
['12453', '14523', '14253']
P_A: [[(1, 2), (1, 3), (1, 4), (1, 5), (2, 3), (2, 4), (2, 5), (4, 3), (4, 5), (5, 3)], [(1, 2), (1, 3), (1, 4), (1, 5), (2, 3), (2, 5), (4, 2), (4, 3), (4, 5), (5, 3)], [(1, 2), (1, 3), (1, 4), (1, 5), (2, 3), (4, 2), (4, 3), (4, 5), (5, 2), (5, 3)]]
Current Grouped Anchor: ((5, 3), (1, 4))
Upsilon_A: ['12453', '12534', '14523', '14253']
['12453', '12534', '14523', '14253']
P_A: [[(1, 2), (1, 3), (1, 4), (1, 5), (2, 3), (2, 4), (2, 5), (3, 4), (5, 3), (5, 4)], [(1, 2), (1, 3), (1, 4), (1, 5), (2, 3), (2, 4), (2, 5), (4, 3), (4, 5), (5, 3)], [(1, 2), (1, 3), (1, 4), (1, 5), (2, 3), (2, 5), (4, 2), (4, 3), (4, 5), (5, 3)], [(1, 2), (1, 3), (1, 4), (1, 5), (2, 3), (4, 2), (4, 3), (4, 5), (5, 2), (5, 3)]]
Current Grouped Anchor: ((5, 3), (3, 2))
Upsilon_A: []
Current Grouped Anchor: ((2, 3), (3, 4))
Upsilon_A: ['12345', '12354', '12534']
['12345', '12354', '12534']
P_A: [[(2, 4), (1, 2), (3, 4), (1, 5), (1, 4), (2, 3), (2, 5), (1, 3)]]
Current Grouped Anchor: ((2, 3), (1, 3))
Upsilon_A: ['12453', '12345', '12354', '12534', '12435', '14523', '14235', '14253']
['12453', '12345', '12354', '12534', '12435', '14523', '14235', '14253']
P_A: [[(1, 2), (1, 3), (1, 4), (1, 5), (2, 3), (2, 4), (2, 5), (3, 4), (5, 3), (5, 4)], [(1, 2), (1, 5), (1, 4), (2, 3), (2, 5), (1, 3), (3, 5)], [(1, 
2), (1, 3), (1, 4), (1, 5), (2, 3), (2, 4), (2, 5), (4, 3), (4, 5), (5, 3)], [(1, 2), (1, 3), (1, 4), (1, 5), (2, 3), (2, 5), (4, 2), (4, 3), (4, 5), (5, 3)], [(1, 2), (1, 3), (1, 4), (1, 5), (2, 3), (4, 2), (4, 3), (4, 5), (5, 2), (5, 3)]]
Current Grouped Anchor: ((2, 3), (4, 2))
Upsilon_A: ['14523', '14235', '14253']
['14523', '14235', '14253']
P_A: [[(1, 2), (1, 3), (1, 4), (1, 5), (2, 3), (4, 2), (4, 3), (4, 5), (5, 2), (5, 3)], [(1, 2), (1, 5), (4, 3), (1, 4), (4, 2), (2, 3), (4, 5), (2, 5), (1, 3)]]
Current Grouped Anchor: ((2, 3), (2, 5))
Upsilon_A: ['12453', '12345', '12354', '12534', '12435', '14235', '14253']
['12453', '12345', '12354', '12534', '12435', '14235', '14253']
P_A: [[(1, 2), (1, 3), (1, 4), (1, 5), (2, 3), (2, 4), (2, 5), (3, 4), (5, 3), (5, 4)], [(1, 2), (1, 5), (1, 4), (2, 3), (2, 5), (1, 3), (3, 5)], [(1, 
2), (1, 3), (1, 4), (1, 5), (2, 3), (2, 4), (2, 5), (4, 3), (4, 5), (5, 3)], [(1, 2), (1, 3), (1, 4), (1, 5), (2, 3), (2, 5), (4, 2), (4, 3), (4, 5), (5, 3)]]
Current Grouped Anchor: ((2, 3), (3, 5))
Upsilon_A: ['12345', '12354', '12435', '14235']
['12345', '12354', '12435', '14235']
P_A: [[(1, 2), (1, 5), (1, 4), (2, 3), (2, 5), (1, 3), (3, 5)]]
Current Grouped Anchor: ((2, 3), (5, 2))
Upsilon_A: ['14523']
['14523']
P_A: [[(1, 2), (1, 3), (1, 4), (1, 5), (2, 3), (4, 2), (4, 3), (4, 5), (5, 2), (5, 3)]]
Current Grouped Anchor: ((2, 3), (5, 4))
Upsilon_A: ['12354', '12534']
['12354', '12534']
P_A: [[(1, 2), (1, 3), (1, 4), (1, 5), (2, 3), (2, 4), (2, 5), (3, 4), (3, 5), (5, 4)], [(1, 2), (1, 3), (1, 4), (1, 5), (2, 3), (2, 4), (2, 5), (3, 4), (5, 3), (5, 4)]]
Current Grouped Anchor: ((2, 3), (4, 3))
Upsilon_A: ['12453', '12435', '14523', '14235', '14253']
['12453', '12435', '14523', '14235', '14253']
P_A: [[(1, 2), (1, 3), (1, 4), (1, 5), (2, 3), (4, 2), (4, 3), (4, 5), (5, 2), (5, 3)], [(2, 4), (1, 2), (1, 5), (4, 3), (1, 4), (2, 3), (4, 5), (2, 5), (1, 3)], [(1, 2), (1, 5), (4, 3), (1, 4), (4, 2), (2, 3), (4, 5), (2, 5), (1, 3)]]
Current Grouped Anchor: ((2, 3), (1, 4))
Upsilon_A: ['12453', '12345', '12354', '12534', '12435', '14523', '14235', '14253']
['12453', '12345', '12354', '12534', '12435', '14523', '14235', '14253']
P_A: [[(1, 2), (1, 3), (1, 4), (1, 5), (2, 3), (2, 4), (2, 5), (3, 4), (5, 3), (5, 4)], [(1, 2), (1, 5), (1, 4), (2, 3), (2, 5), (1, 3), (3, 5)], [(1, 
2), (1, 3), (1, 4), (1, 5), (2, 3), (2, 4), (2, 5), (4, 3), (4, 5), (5, 3)], [(1, 2), (1, 3), (1, 4), (1, 5), (2, 3), (2, 5), (4, 2), (4, 3), (4, 5), (5, 3)], [(1, 2), (1, 3), (1, 4), (1, 5), (2, 3), (4, 2), (4, 3), (4, 5), (5, 2), (5, 3)]]
Current Grouped Anchor: ((2, 3), (3, 2))
Upsilon_A: []
Current Grouped Anchor: ((3, 4), (1, 3))
Upsilon_A: ['12345', '13425', '13524', '12354', '12534', '13254', '13245']
['12345', '13425', '13524', '12354', '12534', '13254', '13245']
P_A: [[(1, 2), (1, 3), (1, 4), (1, 5), (2, 5), (3, 2), (3, 4), (3, 5), (4, 2), (4, 5)], [(1, 2), (1, 3), (1, 4), (1, 5), (2, 4), (3, 2), (3, 4), (3, 5), (5, 2), (5, 4)], [(1, 2), (1, 3), (1, 4), (1, 5), (2, 3), (2, 4), (2, 5), (3, 4), (5, 3), (5, 4)], [(2, 4), (1, 2), (3, 4), (1, 5), (1, 4), (2, 3), (2, 5), (1, 3), (3, 5)], [(2, 4), (1, 2), (3, 4), (1, 5), (1, 4), (3, 2), (2, 5), (1, 3), (3, 5)]]
Current Grouped Anchor: ((3, 4), (4, 2))
Upsilon_A: ['13425']
['13425']
P_A: [[(1, 2), (1, 3), (1, 4), (1, 5), (2, 5), (3, 2), (3, 4), (3, 5), (4, 2), (4, 5)]]
Current Grouped Anchor: ((3, 4), (2, 5))
Upsilon_A: ['12345', '13425', '12354', '12534', '13254', '13245']
['12345', '13425', '12354', '12534', '13254', '13245']
P_A: [[(1, 2), (1, 3), (1, 4), (1, 5), (2, 5), (3, 2), (3, 4), (3, 5), (4, 2), (4, 5)], [(1, 2), (1, 3), (1, 4), (1, 5), (2, 3), (2, 4), (2, 5), (3, 4), (5, 3), (5, 4)], [(2, 4), (1, 2), (3, 4), (1, 5), (1, 4), (2, 3), (2, 5), (1, 3), (3, 5)], [(2, 4), (1, 2), (3, 4), (1, 5), (1, 4), (3, 2), (2, 5), (1, 3), (3, 5)]]
Current Grouped Anchor: ((3, 4), (3, 5))
Upsilon_A: ['12345', '13425', '13524', '12354', '13254', '13245']
['12345', '13425', '13524', '12354', '13254', '13245']
P_A: [[(1, 2), (1, 3), (1, 4), (1, 5), (2, 5), (3, 2), (3, 4), (3, 5), (4, 2), (4, 5)], [(1, 2), (1, 3), (1, 4), (1, 5), (2, 4), (3, 2), (3, 4), (3, 5), (5, 2), (5, 4)], [(2, 4), (1, 2), (3, 4), (1, 5), (1, 4), (2, 3), (2, 5), (1, 3), (3, 5)], [(2, 4), (1, 2), (3, 4), (1, 5), (1, 4), (3, 2), (2, 5), (1, 3), (3, 5)]]
Current Grouped Anchor: ((3, 4), (5, 2))
Upsilon_A: ['13524']
['13524']
P_A: [[(1, 2), (1, 3), (1, 4), (1, 5), (2, 4), (3, 2), (3, 4), (3, 5), (5, 2), (5, 4)]]
Current Grouped Anchor: ((3, 4), (5, 4))
Upsilon_A: ['13524', '12354', '12534', '13254']
['13524', '12354', '12534', '13254']
P_A: [[(1, 2), (1, 3), (1, 4), (1, 5), (2, 4), (3, 2), (3, 4), (3, 5), (5, 2), (5, 4)], [(1, 2), (1, 3), (1, 4), (1, 5), (2, 4), (2, 5), (3, 2), (3, 4), (3, 5), (5, 4)], [(1, 2), (1, 3), (1, 4), (1, 5), (2, 3), (2, 4), (2, 5), (3, 4), (3, 5), (5, 4)], [(1, 2), (1, 3), (1, 4), (1, 5), (2, 3), (2, 4), (2, 5), (3, 4), (5, 3), (5, 4)]]
Current Grouped Anchor: ((3, 4), (4, 3))
Upsilon_A: []
Current Grouped Anchor: ((3, 4), (1, 4))
Upsilon_A: ['12345', '13425', '13524', '12354', '12534', '13254', '13245']
['12345', '13425', '13524', '12354', '12534', '13254', '13245']
P_A: [[(1, 2), (1, 3), (1, 4), (1, 5), (2, 5), (3, 2), (3, 4), (3, 5), (4, 2), (4, 5)], [(1, 2), (1, 3), (1, 4), (1, 5), (2, 4), (3, 2), (3, 4), (3, 5), (5, 2), (5, 4)], [(1, 2), (1, 3), (1, 4), (1, 5), (2, 3), (2, 4), (2, 5), (3, 4), (5, 3), (5, 4)], [(2, 4), (1, 2), (3, 4), (1, 5), (1, 4), (2, 3), (2, 5), (1, 3), (3, 5)], [(2, 4), (1, 2), (3, 4), (1, 5), (1, 4), (3, 2), (2, 5), (1, 3), (3, 5)]]
Current Grouped Anchor: ((3, 4), (3, 2))
Upsilon_A: ['13425', '13524', '13254', '13245']
['13425', '13524', '13254', '13245']
P_A: [[(1, 2), (1, 3), (1, 4), (1, 5), (2, 5), (3, 2), (3, 4), (3, 5), (4, 2), (4, 5)], [(2, 4), (1, 2), (3, 4), (1, 5), (1, 4), (3, 2), (1, 3), (3, 5)]]
Current Grouped Anchor: ((1, 3), (4, 2))
Upsilon_A: ['13425', '14523', '14235', '14253']
['13425', '14523', '14235', '14253']
P_A: [[(1, 2), (1, 3), (1, 4), (1, 5), (2, 5), (3, 2), (3, 4), (3, 5), (4, 2), (4, 5)], [(1, 2), (1, 3), (1, 4), (1, 5), (2, 3), (4, 2), (4, 3), (4, 5), (5, 2), (5, 3)], [(1, 2), (1, 5), (4, 3), (1, 4), (4, 2), (2, 3), (4, 5), (2, 5), (1, 3)]]
Current Grouped Anchor: ((1, 3), (2, 5))
Upsilon_A: ['12453', '12345', '13425', '12354', '12534', '12435', '14235', '13254', '13245', '14253']
['12453', '12345', '13425', '12354', '12534', '12435', '14235', '13254', '13245', '14253']
P_A: [[(1, 2), (1, 3), (1, 4), (1, 5), (2, 5), (3, 2), (3, 4), (3, 5), (4, 2), (4, 5)], [(1, 2), (1, 3), (1, 4), (1, 5), (2, 3), (2, 4), (2, 5), (3, 4), (5, 3), (5, 4)], [(2, 4), (1, 2), (1, 5), (1, 4), (4, 5), (2, 5), (1, 3)], [(1, 2), (1, 5), (4, 3), (1, 4), (4, 2), (2, 3), (4, 5), (2, 5), (1, 3)], 
[(1, 2), (1, 3), (1, 4), (1, 5), (2, 3), (2, 4), (2, 5), (3, 4), (3, 5), (5, 4)], [(1, 2), (1, 3), (1, 4), (1, 5), (2, 4), (2, 5), (3, 2), (3, 4), (3, 
5), (5, 4)]]
Current Grouped Anchor: ((1, 3), (3, 5))
Upsilon_A: ['12345', '13425', '13524', '12354', '12435', '14235', '13254', '13245']
['12345', '13425', '13524', '12354', '12435', '14235', '13254', '13245']
P_A: [[(1, 2), (1, 3), (1, 4), (1, 5), (2, 5), (3, 2), (3, 4), (3, 5), (4, 2), (4, 5)], [(1, 2), (1, 3), (1, 4), (1, 5), (2, 4), (3, 2), (3, 4), (3, 5), (5, 2), (5, 4)], [(1, 2), (1, 3), (1, 4), (1, 5), (2, 3), (2, 5), (3, 5), (4, 2), (4, 3), (4, 5)], [(1, 2), (1, 3), (1, 4), (1, 5), (2, 3), (2, 4), (2, 5), (3, 5), (4, 3), (4, 5)], [(2, 4), (1, 2), (3, 4), (1, 5), (1, 4), (2, 3), (2, 5), (1, 3), (3, 5)], [(2, 4), (1, 2), (3, 4), (1, 5), (1, 4), (3, 
2), (2, 5), (1, 3), (3, 5)]]
Current Grouped Anchor: ((1, 3), (5, 2))
Upsilon_A: ['13524', '14523']
['13524', '14523']
P_A: [[(1, 2), (1, 3), (1, 4), (1, 5), (2, 4), (3, 2), (3, 4), (3, 5), (5, 2), (5, 4)], [(1, 2), (1, 3), (1, 4), (1, 5), (2, 3), (4, 2), (4, 3), (4, 5), (5, 2), (5, 3)]]
Current Grouped Anchor: ((1, 3), (5, 4))
Upsilon_A: ['13524', '12354', '12534', '13254']
['13524', '12354', '12534', '13254']
P_A: [[(1, 2), (1, 3), (1, 4), (1, 5), (2, 4), (3, 2), (3, 4), (3, 5), (5, 2), (5, 4)], [(1, 2), (1, 3), (1, 4), (1, 5), (2, 4), (2, 5), (3, 2), (3, 4), (3, 5), (5, 4)], [(1, 2), (1, 3), (1, 4), (1, 5), (2, 3), (2, 4), (2, 5), (3, 4), (3, 5), (5, 4)], [(1, 2), (1, 3), (1, 4), (1, 5), (2, 3), (2, 4), (2, 5), (3, 4), (5, 3), (5, 4)]]
Current Grouped Anchor: ((1, 3), (4, 3))
Upsilon_A: ['12453', '12435', '14523', '14235', '14253']
['12453', '12435', '14523', '14235', '14253']
P_A: [[(1, 2), (1, 3), (1, 4), (1, 5), (2, 3), (4, 2), (4, 3), (4, 5), (5, 2), (5, 3)], [(2, 4), (1, 2), (1, 5), (4, 3), (1, 4), (2, 3), (4, 5), (2, 5), (1, 3)], [(1, 2), (1, 5), (4, 3), (1, 4), (4, 2), (2, 3), (4, 5), (2, 5), (1, 3)]]
Current Grouped Anchor: ((1, 3), (1, 4))
Upsilon_A: ['12453', '12345', '13425', '13524', '12354', '12534', '12435', '14523', '14235', '13254', '13245', '14253']
['12453', '12345', '13425', '13524', '12354', '12534', '12435', '14523', '14235', '13254', '13245', '14253']
P_A: [[(1, 2), (1, 3), (1, 4), (1, 5), (2, 5), (3, 2), (3, 4), (3, 5), (4, 2), (4, 5)], [(1, 2), (1, 3), (1, 4), (1, 5), (2, 4), (3, 2), (3, 4), (3, 5), (5, 2), (5, 4)], [(1, 2), (1, 3), (1, 4), (1, 5), (2, 3), (2, 4), (2, 5), (3, 4), (5, 3), (5, 4)], [(1, 2), (1, 3), (1, 4), (1, 5), (2, 3), (4, 2), (4, 3), (4, 5), (5, 2), (5, 3)], [(2, 4), (1, 2), (1, 5), (1, 4), (4, 5), (2, 5), (1, 3)], [(1, 2), (1, 5), (4, 3), (1, 4), (4, 2), (2, 3), (4, 5), (2, 
5), (1, 3)], [(1, 2), (1, 3), (1, 4), (1, 5), (2, 3), (2, 4), (2, 5), (3, 4), (3, 5), (5, 4)], [(1, 2), (1, 3), (1, 4), (1, 5), (2, 4), (2, 5), (3, 2), (3, 4), (3, 5), (5, 4)]]
Current Grouped Anchor: ((1, 3), (3, 2))
Upsilon_A: ['13425', '13524', '13254', '13245']
['13425', '13524', '13254', '13245']
P_A: [[(1, 2), (1, 3), (1, 4), (1, 5), (2, 5), (3, 2), (3, 4), (3, 5), (4, 2), (4, 5)], [(2, 4), (1, 2), (3, 4), (1, 5), (1, 4), (3, 2), (1, 3), (3, 5)]]
Current Grouped Anchor: ((4, 2), (2, 5))
Upsilon_A: ['13425', '14235', '14253']
['13425', '14235', '14253']
P_A: [[(1, 2), (1, 3), (1, 4), (1, 5), (2, 5), (3, 2), (3, 4), (3, 5), (4, 2), (4, 5)], [(1, 2), (1, 5), (4, 3), (1, 4), (4, 2), (2, 3), (4, 5), (2, 5), (1, 3)]]
Current Grouped Anchor: ((4, 2), (3, 5))
Upsilon_A: ['13425', '14235']
['13425', '14235']
P_A: [[(1, 2), (1, 3), (1, 4), (1, 5), (2, 5), (3, 2), (3, 4), (3, 5), (4, 2), (4, 5)], [(1, 2), (1, 3), (1, 4), (1, 5), (2, 3), (2, 5), (3, 5), (4, 2), (4, 3), (4, 5)]]
Current Grouped Anchor: ((4, 2), (5, 2))
Upsilon_A: ['14523']
['14523']
P_A: [[(1, 2), (1, 3), (1, 4), (1, 5), (2, 3), (4, 2), (4, 3), (4, 5), (5, 2), (5, 3)]]
Current Grouped Anchor: ((4, 2), (5, 4))
Upsilon_A: []
Current Grouped Anchor: ((4, 2), (4, 3))
Upsilon_A: ['14523', '14235', '14253']
['14523', '14235', '14253']
P_A: [[(1, 2), (1, 3), (1, 4), (1, 5), (2, 3), (4, 2), (4, 3), (4, 5), (5, 2), (5, 3)], [(1, 2), (1, 5), (4, 3), (1, 4), (4, 2), (2, 3), (4, 5), (2, 5), (1, 3)]]
Current Grouped Anchor: ((4, 2), (1, 4))
Upsilon_A: ['13425', '14523', '14235', '14253']
['13425', '14523', '14235', '14253']
P_A: [[(1, 2), (1, 3), (1, 4), (1, 5), (2, 5), (3, 2), (3, 4), (3, 5), (4, 2), (4, 5)], [(1, 2), (1, 3), (1, 4), (1, 5), (2, 3), (4, 2), (4, 3), (4, 5), (5, 2), (5, 3)], [(1, 2), (1, 5), (4, 3), (1, 4), (4, 2), (2, 3), (4, 5), (2, 5), (1, 3)]]
Current Grouped Anchor: ((4, 2), (3, 2))
Upsilon_A: ['13425']
['13425']
P_A: [[(1, 2), (1, 3), (1, 4), (1, 5), (2, 5), (3, 2), (3, 4), (3, 5), (4, 2), (4, 5)]]
Current Grouped Anchor: ((2, 5), (3, 5))
Upsilon_A: ['12345', '13425', '12354', '12435', '14235', '13254', '13245']
['12345', '13425', '12354', '12435', '14235', '13254', '13245']
P_A: [[(1, 2), (1, 3), (1, 4), (1, 5), (2, 5), (3, 2), (3, 4), (3, 5), (4, 2), (4, 5)], [(1, 2), (1, 3), (1, 4), (1, 5), (2, 3), (2, 5), (3, 5), (4, 2), (4, 3), (4, 5)], [(1, 2), (1, 3), (1, 4), (1, 5), (2, 3), (2, 4), (2, 5), (3, 5), (4, 3), (4, 5)], [(2, 4), (1, 2), (3, 4), (1, 5), (1, 4), (2, 3), (2, 5), (1, 3), (3, 5)], [(2, 4), (1, 2), (3, 4), (1, 5), (1, 4), (3, 2), (2, 5), (1, 3), (3, 5)]]
Current Grouped Anchor: ((2, 5), (5, 2))
Upsilon_A: []
Current Grouped Anchor: ((2, 5), (5, 4))
Upsilon_A: ['12354', '12534', '13254']
['12354', '12534', '13254']
P_A: [[(1, 2), (1, 3), (1, 4), (1, 5), (2, 3), (2, 4), (2, 5), (3, 4), (5, 3), (5, 4)], [(1, 2), (1, 3), (1, 4), (1, 5), (2, 3), (2, 4), (2, 5), (3, 4), (3, 5), (5, 4)], [(1, 2), (1, 3), (1, 4), (1, 5), (2, 4), (2, 5), (3, 2), (3, 4), (3, 5), (5, 4)]]
Current Grouped Anchor: ((2, 5), (4, 3))
Upsilon_A: ['12453', '12435', '14235', '14253']
['12453', '12435', '14235', '14253']
P_A: [[(2, 4), (1, 2), (1, 5), (4, 3), (1, 4), (2, 3), (4, 5), (2, 5), (1, 3)], [(1, 2), (1, 5), (4, 3), (1, 4), (4, 2), (2, 3), (4, 5), (2, 5), (1, 3)]]
Current Grouped Anchor: ((2, 5), (1, 4))
Upsilon_A: ['12453', '12345', '13425', '12354', '12534', '12435', '14235', '13254', '13245', '14253']
['12453', '12345', '13425', '12354', '12534', '12435', '14235', '13254', '13245', '14253']
P_A: [[(1, 2), (1, 3), (1, 4), (1, 5), (2, 5), (3, 2), (3, 4), (3, 5), (4, 2), (4, 5)], [(1, 2), (1, 3), (1, 4), (1, 5), (2, 3), (2, 4), (2, 5), (3, 4), (5, 3), (5, 4)], [(2, 4), (1, 2), (1, 5), (1, 4), (4, 5), (2, 5), (1, 3)], [(1, 2), (1, 5), (4, 3), (1, 4), (4, 2), (2, 3), (4, 5), (2, 5), (1, 3)], 
[(1, 2), (1, 3), (1, 4), (1, 5), (2, 3), (2, 4), (2, 5), (3, 4), (3, 5), (5, 4)], [(1, 2), (1, 3), (1, 4), (1, 5), (2, 4), (2, 5), (3, 2), (3, 4), (3, 
5), (5, 4)]]
Current Grouped Anchor: ((2, 5), (3, 2))
Upsilon_A: ['13425', '13254', '13245']
['13425', '13254', '13245']
P_A: [[(1, 2), (1, 3), (1, 4), (1, 5), (2, 5), (3, 2), (3, 4), (3, 5), (4, 2), (4, 5)], [(2, 4), (1, 2), (3, 4), (1, 5), (1, 4), (3, 2), (2, 5), (1, 3), (3, 5)]]
Current Grouped Anchor: ((3, 5), (5, 2))
Upsilon_A: ['13524']
['13524']
P_A: [[(1, 2), (1, 3), (1, 4), (1, 5), (2, 4), (3, 2), (3, 4), (3, 5), (5, 2), (5, 4)]]
Current Grouped Anchor: ((3, 5), (5, 4))
Upsilon_A: ['13524', '12354', '13254']
['13524', '12354', '13254']
P_A: [[(1, 2), (1, 3), (1, 4), (1, 5), (2, 4), (3, 2), (3, 4), (3, 5), (5, 2), (5, 4)], [(1, 2), (1, 3), (1, 4), (1, 5), (2, 4), (2, 5), (3, 2), (3, 4), (3, 5), (5, 4)], [(1, 2), (1, 3), (1, 4), (1, 5), (2, 3), (2, 4), (2, 5), (3, 4), (3, 5), (5, 4)]]
Current Grouped Anchor: ((3, 5), (4, 3))
Upsilon_A: ['12435', '14235']
['12435', '14235']
P_A: [[(1, 2), (1, 3), (1, 4), (1, 5), (2, 3), (2, 4), (2, 5), (3, 5), (4, 3), (4, 5)], [(1, 2), (1, 3), (1, 4), (1, 5), (2, 3), (2, 5), (3, 5), (4, 2), (4, 3), (4, 5)]]
Current Grouped Anchor: ((3, 5), (1, 4))
Upsilon_A: ['12345', '13425', '13524', '12354', '12435', '14235', '13254', '13245']
['12345', '13425', '13524', '12354', '12435', '14235', '13254', '13245']
P_A: [[(1, 2), (1, 3), (1, 4), (1, 5), (2, 5), (3, 2), (3, 4), (3, 5), (4, 2), (4, 5)], [(1, 2), (1, 3), (1, 4), (1, 5), (2, 4), (3, 2), (3, 4), (3, 5), (5, 2), (5, 4)], [(1, 2), (1, 3), (1, 4), (1, 5), (2, 3), (2, 5), (3, 5), (4, 2), (4, 3), (4, 5)], [(1, 2), (1, 3), (1, 4), (1, 5), (2, 3), (2, 4), (2, 5), (3, 5), (4, 3), (4, 5)], [(2, 4), (1, 2), (3, 4), (1, 5), (1, 4), (2, 3), (2, 5), (1, 3), (3, 5)], [(2, 4), (1, 2), (3, 4), (1, 5), (1, 4), (3, 
2), (2, 5), (1, 3), (3, 5)]]
Current Grouped Anchor: ((3, 5), (3, 2))
Upsilon_A: ['13425', '13524', '13254', '13245']
['13425', '13524', '13254', '13245']
P_A: [[(1, 2), (1, 3), (1, 4), (1, 5), (2, 5), (3, 2), (3, 4), (3, 5), (4, 2), (4, 5)], [(2, 4), (1, 2), (3, 4), (1, 5), (1, 4), (3, 2), (1, 3), (3, 5)]]
Current Grouped Anchor: ((5, 2), (5, 4))
Upsilon_A: ['13524']
['13524']
P_A: [[(1, 2), (1, 3), (1, 4), (1, 5), (2, 4), (3, 2), (3, 4), (3, 5), (5, 2), (5, 4)]]
Current Grouped Anchor: ((5, 2), (4, 3))
Upsilon_A: ['14523']
['14523']
P_A: [[(1, 2), (1, 3), (1, 4), (1, 5), (2, 3), (4, 2), (4, 3), (4, 5), (5, 2), (5, 3)]]
Current Grouped Anchor: ((5, 2), (1, 4))
Upsilon_A: ['13524', '14523']
['13524', '14523']
P_A: [[(1, 2), (1, 3), (1, 4), (1, 5), (2, 4), (3, 2), (3, 4), (3, 5), (5, 2), (5, 4)], [(1, 2), (1, 3), (1, 4), (1, 5), (2, 3), (4, 2), (4, 3), (4, 5), (5, 2), (5, 3)]]
Current Grouped Anchor: ((5, 2), (3, 2))
Upsilon_A: ['13524']
['13524']
P_A: [[(1, 2), (1, 3), (1, 4), (1, 5), (2, 4), (3, 2), (3, 4), (3, 5), (5, 2), (5, 4)]]
Current Grouped Anchor: ((5, 4), (4, 3))
Upsilon_A: []
Current Grouped Anchor: ((5, 4), (1, 4))
Upsilon_A: ['13524', '12354', '12534', '13254']
['13524', '12354', '12534', '13254']
P_A: [[(1, 2), (1, 3), (1, 4), (1, 5), (2, 4), (3, 2), (3, 4), (3, 5), (5, 2), (5, 4)], [(1, 2), (1, 3), (1, 4), (1, 5), (2, 4), (2, 5), (3, 2), (3, 4), (3, 5), (5, 4)], [(1, 2), (1, 3), (1, 4), (1, 5), (2, 3), (2, 4), (2, 5), (3, 4), (3, 5), (5, 4)], [(1, 2), (1, 3), (1, 4), (1, 5), (2, 3), (2, 4), (2, 5), (3, 4), (5, 3), (5, 4)]]
Current Grouped Anchor: ((5, 4), (3, 2))
Upsilon_A: ['13524', '13254']
['13524', '13254']
P_A: [[(1, 2), (1, 3), (1, 4), (1, 5), (2, 4), (3, 2), (3, 4), (3, 5), (5, 2), (5, 4)], [(1, 2), (1, 3), (1, 4), (1, 5), (2, 4), (2, 5), (3, 2), (3, 4), (3, 5), (5, 4)]]
Current Grouped Anchor: ((4, 3), (1, 4))
Upsilon_A: ['12453', '12435', '14523', '14235', '14253']
['12453', '12435', '14523', '14235', '14253']
P_A: [[(1, 2), (1, 3), (1, 4), (1, 5), (2, 3), (4, 2), (4, 3), (4, 5), (5, 2), (5, 3)], [(2, 4), (1, 2), (1, 5), (4, 3), (1, 4), (2, 3), (4, 5), (2, 5), (1, 3)], [(1, 2), (1, 5), (4, 3), (1, 4), (4, 2), (2, 3), (4, 5), (2, 5), (1, 3)]]
Current Grouped Anchor: ((4, 3), (3, 2))
Upsilon_A: []
Current Grouped Anchor: ((1, 4), (3, 2))
Upsilon_A: ['13425', '13524', '13254', '13245']
['13425', '13524', '13254', '13245']
P_A: [[(1, 2), (1, 3), (1, 4), (1, 5), (2, 5), (3, 2), (3, 4), (3, 5), (4, 2), (4, 5)], [(2, 4), (1, 2), (3, 4), (1, 5), (1, 4), (3, 2), (1, 3), (3, 5)]]