Input: [12453, 12345, 13425, 13524, 12354, 12534, 12435, 14523, 14235, 13254, 13245, 14253]

<P_A:
P1: [(1, 2), (1, 3), (1, 4), (1, 5), (2, 4), (3, 2), (3, 4), (3, 5), (5, 2), (5, 4)]
P2: [(1, 2), (1, 3), (1, 4), (1, 5), (2, 3), (2, 4), (2, 5), (3, 4), (5, 3), (5, 4)]
P3: [(1, 2), (1, 3), (1, 4), (1, 5), (4, 2), (4, 3), (4, 5), (5, 2), (5, 3)]
<P_i
P1: [(1, 2), (1, 3), (1, 4), (1, 5), (2, 4), (3, 5)]
P2: [(1, 2), (1, 3), (1, 4), (1, 5), (2, 5), (3, 4)]
P3: [(1, 2), (1, 3), (1, 4), (1, 5), (2, 3), (4, 5)]

Output on terminal
[(1, 2), (1, 3), (1, 4), (1, 5), (2, 5), (3, 2), (3, 4), (3, 5), (4, 2), (4, 5)]
P_A1: [(1, 2), (1, 3), (1, 4), (1, 5), (2, 4), (3, 2), (3, 4), (3, 5), (5, 2), (5, 4)]
P_A2: [(1, 2), (1, 3), (1, 4), (1, 5), (2, 3), (2, 4), (2, 5), (3, 4), (5, 3), (5, 4)]
closest P_A3: [(1, 2), (1, 3), (1, 4), (1, 5), (2, 3), (4, 2), (4, 3), (4, 5), (5, 2), (5, 3)]
[(2, 4), (1, 2), (1, 5), (1, 4), (4, 5), (2, 5), (1, 3)]
[(1, 2), (1, 5), (4, 3), (1, 4), (4, 2), (2, 3), (4, 5), (2, 5), (1, 3)]
[(1, 2), (1, 3), (1, 4), (1, 5), (2, 3), (2, 4), (2, 5), (3, 4), (3, 5), (5, 4)]
[(1, 2), (1, 3), (1, 4), (1, 5), (2, 4), (2, 5), (3, 2), (3, 4), (3, 5), (5, 4)]

