Given:
['135624', '315624', '153624', '153264', '135264', '315264']
Output:
[(2, 4), (1, 2), (6, 2), (3, 4), (1, 5), (5, 4), (6, 4), (1, 4), (5, 6), (3, 6), (1, 6), (3, 2), (5, 2)]
[(2, 4), (1, 2), (3, 4), (1, 5), (5, 4), (6, 4), (1, 4), (2, 6), (5, 6), (3, 6), (1, 6), (3, 2), (5, 2)]
Expected:
{(1,5),(1,6),(1,2),(1,4),(3,6), (3,2),(3,4),(5,6),(5,2),(5,4),(6,4),(2,4)}

Difference:
(6,2) and (2,6)







13524
output:
[(1, 2), (1, 3), (1, 4), (1, 5), (2, 4), (3, 2), (3, 4), (3, 5), (5, 2), (5, 4)]

12534
output:
[(1, 2), (1, 3), (1, 4), (1, 5), (2, 3), (2, 4), (2, 5), (3, 4), (5, 3), (5, 4)]

14523
14253
output:
[(1, 2), (1, 3), (1, 4), (1, 5), (2, 3), (4, 2), (4, 3), (4, 5), (5, 2), (5, 3)] extra (2,3) and (5,2)
[(1, 2), (1, 3), (1, 4), (1, 5), (2, 3), (2, 5), (4, 2), (4, 3), (4, 5), (5, 3)] extra (2,3) and (2,5)
expected:
[(1, 2), (1, 3), (1, 4), (1, 5), (4, 2), (4, 3), (4, 5), (5, 2), (5, 3)]

Given:
{135624, 315624, 153624}
Expected: 
{(1,5),(1,6),(1,2),(1,4),
(3,6), (3,2),
(3,4),(5,6),(5,2),(5,4),(6
,2),(6,4),(2,4)}
Output:
(1, 5), (1, 6), (1, 2), (1, 4), (3, 6), (3, 2), (3, 4), (5, 6), (5, 2) (5, 4), (6, 2), (6, 4), (2, 4),

